18

0 1 170
0 2 170
2 3 170
3 4 170
4 5 170
5 6 170
6 7 170
1 8 170
8 9 170
9 10 170
10 11 170
11 12 170
12 13 170
13 14 170
14 15 170
15 16 170
16 17 170
17 18 170
18 19 170
19 20 170

21 22 31
21 23 31
23 24 31
22 25 31
25 26 31
26 27 31
27 28 31

29 30 24
30 31 24
31 32 24
32 33 24
33 7 24

34 35 23
34 36 23
35 37 23
37 38 23
38 39 23
39 40 23
40 41 23
41 42 23
42 43 23
43 44 23
44 45 23
45 46 23
46 47 23
47 24 23

48 49 37
48 50 37
49 51 37

52 53 30
52 54 30
54 55 30
55 56 30
53 57 30
57 36 30

58 59 103
58 60 103
60 61 103
61 62 103
59 63 103
63 64 103
64 65 103
65 66 103
66 67 103
67 68 103
68 69 103
69 70 103
70 71 103
71 72 103
72 73 103
73 20 103

74 50 20
74 75 20
75 76 20
76 77 20
77 78 20
78 79 20
79 80 20
80 28 20

71 56 17
71 72 17
72 73 17
73 20 17

81 82 13
82 83 13
83 62 13

84 85 86
84 86 86
86 87 86
87 88 86
88 89 86
89 90 86
90 91 86
91 92 86
92 93 86
93 81 86
85 94 86
94 95 86
95 96 86
96 97 86
97 98 86

99 100 82
99 101 82
101 102 82
102 103 82
103 104 82
104 105 82
105 106 82
106 107 82
107 108 82
100 109 82
109 110 82
110 111 82
111 112 82
112 113 82
113 114 82
114 115 82
115 27 82
27 28 82

116 117 54
116 118 54
118 119 54
119 120 54
120 121 54
121 122 54
122 123 54
123 124 54
117 125 54
125 108 54

126 127 26
126 128 26

129 128 22
129 98 22

130 131 24
130 132 24
132 133 24
133 134 24
134 135 24
135 127 24
131 136 24

137 138 19
137 139 19
139 140 19
140 141 19
141 142 19
142 143 19
143 144 19
144 145 19
145 146 19
146 147 19
147 148 19
148 29 19
138 149 19
149 150 19
150 151 19
151 152 19
152 153 19
153 154 19
154 155 19
155 156 19
156 62 19

157 158 17
157 159 17
159 160 17
160 161 17
161 162 17
162 163 17
163 164 17
164 165 17
165 136 17
158 166 17
166 167 17
167 168 17
168 169 17
169 170 17
170 171 17
171 172 17
172 173 17
173 174 17
174 51 17

EOF
