6 4 0 -35
7 4 0 -40
6 3 0 -45
5 3 0 -59
5 2 0 -75
5 1 0 -121
5 0 0 -179
4 0 0 -207
7 5 0 -48
7 6 0 -47
8 6 0 -42
8 7 0 -37
9 7 0 -45
10 7 0 -42
10 8 0 -54
11 8 0 -81
11 9 0 -84
12 9 0 -93
12 10 0 -92
13 10 0 -124
13 11 0 -137
27 23 0 -160
28 23 0 -174
27 22 0 -174
26 22 0 -191
29 23 0 -174
30 23 0 -192
31 23 0 -194
31 24 0 -205
0 1 0 -167
1 1 0 -143
1 0 0 -168
2 0 0 -199
3 0 0 -204
18 17 0 -136
18 18 0 -164
17 17 0 -159
19 18 0 -163
19 19 0 -161
20 19 0 -167
21 19 0 -161
21 20 0 -157
22 20 0 -170
23 20 0 -162
23 21 0 -177
24 21 0 -179
24 22 0 -171
25 22 0 -190
28 30 0 -107
29 30 0 -113
28 29 0 -132
29 31 0 -144
16 15 0 -107
16 16 0 -120
16 14 0 -109
15 14 0 -122
15 13 0 -127
17 16 0 -127
7 16 0 -32
8 16 0 -35
6 16 0 -41
5 16 0 -86
4 16 0 -125
9 16 0 -51
10 16 0 -45
11 16 0 -51
12 16 0 -54
13 16 0 -57
14 16 0 -60
14 15 0 -66
14 14 0 -92
14 13 0 -110
14 12 0 -137
14 11 0 -125
28 28 0 -112
29 28 0 -147
30 28 0 -178
30 27 0 -190
31 27 0 -196
31 26 0 -196
31 25 0 -196
2 17 0 -135
3 17 0 -112
3 16 0 -118
0 24 0 -29
0 25 0 -30
0 23 0 -30
0 22 0 -32
0 21 0 -30
0 20 0 -30
0 19 0 -37
0 18 0 -62
0 17 0 -65
1 17 0 -94
0 26 0 -30
0 27 0 -32
0 28 0 -31
0 29 0 -38
0 30 0 -81
31 14 0 -26
31 15 0 -29
31 13 0 -26
31 12 0 -29
31 11 0 -34
31 10 0 -38
31 9 0 -47
31 8 0 -65
31 7 0 -85
31 6 0 -101
31 16 0 -40
31 17 0 -51
31 18 0 -74
31 19 0 -91
31 20 0 -125
31 21 0 -156
31 22 0 -174
31 3 0 -47
31 4 0 -66
31 2 0 -52
30 2 0 -60
30 1 0 -80
30 0 0 -90
29 0 0 -107
28 0 0 -103
28 1 0 -108
31 5 0 -94
2 31 0 -55
3 31 0 -80
1 31 0 -81
0 31 0 -59
8 31 0 -56
9 31 0 -73
7 31 0 -64
6 31 0 -57
5 31 0 -69
4 31 0 -67
10 31 0 -115
1 11 0 -23
2 11 0 -26
1 10 0 -25
1 9 0 -30
0 9 0 -27
0 8 0 -29
0 7 0 -27
0 6 0 -32
0 5 0 -44
0 4 0 -82
0 3 0 -117
0 2 0 -154
2 12 0 -30
1 12 0 -34
1 13 0 -31
2 13 0 -33
2 14 0 -37
3 14 0 -38
4 14 0 -41
4 15 0 -100
18 31 0 -19
19 31 0 -23
17 31 0 -20
16 31 0 -26
15 31 0 -28
14 31 0 -50
13 31 0 -63
12 31 0 -74
11 31 0 -112
20 31 0 -28
21 31 0 -26
22 31 0 -33
23 31 0 -41
24 31 0 -61
25 31 0 -74
26 31 0 -83
27 31 0 -105
28 31 0 -127
