0 0 0 -111
1 0 0 -168
2 0 0 -199
3 0 0 -204
4 0 0 -207
5 0 0 -179
6 0 0 -124
7 0 0 -58
8 0 0 -36
9 0 0 -22
10 0 0 -16
11 0 0 -14
12 0 0 -14
13 0 0 -13
14 0 0 -13
15 0 0 -12
16 0 0 -9
17 0 0 -8
18 0 0 -8
19 0 0 -9
20 0 0 -8
21 0 0 -8
22 0 0 -9
23 0 0 -11
24 0 0 -18
25 0 0 -32
26 0 0 -61
27 0 0 -80
28 0 0 -103
29 0 0 -107
30 0 0 -90
31 0 0 -67
0 1 0 -167
1 1 0 -143
2 1 0 -186
3 1 0 -169
4 1 0 -161
5 1 0 -121
6 1 0 -79
7 1 0 -51
8 1 0 -22
9 1 0 -12
10 1 0 -9
11 1 0 -10
12 1 0 -14
13 1 0 -12
14 1 0 -8
15 1 0 -9
16 1 0 -6
17 1 0 -6
18 1 0 -7
19 1 0 -6
20 1 0 -4
21 1 0 -5
22 1 0 -9
23 1 0 -11
24 1 0 -12
25 1 0 -27
26 1 0 -61
27 1 0 -98
28 1 0 -108
29 1 0 -102
30 1 0 -80
31 1 0 -48
0 2 0 -154
1 2 0 -97
2 2 0 -97
3 2 0 -107
4 2 0 -98
5 2 0 -75
6 2 0 -44
7 2 0 -29
8 2 0 -14
9 2 0 -6
10 2 0 -4
11 2 0 -7
12 2 0 -13
13 2 0 -11
14 2 0 -12
15 2 0 -14
16 2 0 -8
17 2 0 -8
18 2 0 -9
19 2 0 -6
20 2 0 -6
21 2 0 -6
22 2 0 -11
23 2 0 -10
24 2 0 -8
25 2 0 -17
26 2 0 -42
27 2 0 -70
28 2 0 -86
29 2 0 -85
30 2 0 -60
31 2 0 -52
0 3 0 -117
1 3 0 -67
2 3 0 -65
3 3 0 -48
4 3 0 -54
5 3 0 -59
6 3 0 -45
7 3 0 -34
8 3 0 -14
9 3 0 -5
10 3 0 -3
11 3 0 -5
12 3 0 -8
13 3 0 -9
14 3 0 -14
15 3 0 -15
16 3 0 -9
17 3 0 -7
18 3 0 -8
19 3 0 -6
20 3 0 -7
21 3 0 -7
22 3 0 -11
23 3 0 -10
24 3 0 -7
25 3 0 -9
26 3 0 -15
27 3 0 -20
28 3 0 -31
29 3 0 -38
30 3 0 -45
31 3 0 -47
0 4 0 -82
1 4 0 -46
2 4 0 -42
3 4 0 -15
4 4 0 -17
5 4 0 -29
6 4 0 -35
7 4 0 -40
8 4 0 -20
9 4 0 -5
10 4 0 -3
11 4 0 -4
12 4 0 -8
13 4 0 -10
14 4 0 -16
15 4 0 -18
16 4 0 -11
17 4 0 -8
18 4 0 -7
19 4 0 -5
20 4 0 -7
21 4 0 -10
22 4 0 -16
23 4 0 -12
24 4 0 -6
25 4 0 -5
26 4 0 -7
27 4 0 -8
28 4 0 -15
29 4 0 -25
30 4 0 -49
31 4 0 -66
0 5 0 -44
1 5 0 -29
2 5 0 -25
3 5 0 -13
4 5 0 -10
5 5 0 -19
6 5 0 -30
7 5 0 -48
8 5 0 -28
9 5 0 -12
10 5 0 -6
11 5 0 -6
12 5 0 -8
13 5 0 -9
14 5 0 -13
15 5 0 -16
16 5 0 -11
17 5 0 -7
18 5 0 -5
19 5 0 -4
20 5 0 -5
21 5 0 -8
22 5 0 -11
23 5 0 -10
24 5 0 -5
25 5 0 -4
26 5 0 -4
27 5 0 -6
28 5 0 -8
29 5 0 -25
30 5 0 -65
31 5 0 -94
0 6 0 -32
1 6 0 -17
2 6 0 -14
3 6 0 -9
4 6 0 -9
5 6 0 -18
6 6 0 -37
7 6 0 -47
8 6 0 -42
9 6 0 -29
10 6 0 -23
11 6 0 -12
12 6 0 -10
13 6 0 -11
14 6 0 -13
15 6 0 -16
16 6 0 -11
17 6 0 -6
18 6 0 -5
19 6 0 -5
20 6 0 -6
21 6 0 -9
22 6 0 -12
23 6 0 -10
24 6 0 -5
25 6 0 -4
26 6 0 -4
27 6 0 -4
28 6 0 -8
29 6 0 -24
30 6 0 -73
31 6 0 -101
0 7 0 -27
1 7 0 -16
2 7 0 -10
3 7 0 -7
4 7 0 -7
5 7 0 -11
6 7 0 -25
7 7 0 -29
8 7 0 -37
9 7 0 -45
10 7 0 -42
11 7 0 -35
12 7 0 -19
13 7 0 -16
14 7 0 -17
15 7 0 -17
16 7 0 -13
17 7 0 -7
18 7 0 -6
19 7 0 -8
20 7 0 -9
21 7 0 -10
22 7 0 -11
23 7 0 -7
24 7 0 -5
25 7 0 -4
26 7 0 -3
27 7 0 -3
28 7 0 -7
29 7 0 -21
30 7 0 -64
31 7 0 -85
0 8 0 -29
1 8 0 -22
2 8 0 -12
3 8 0 -7
4 8 0 -5
5 8 0 -6
6 8 0 -15
7 8 0 -19
8 8 0 -29
9 8 0 -39
10 8 0 -54
11 8 0 -81
12 8 0 -46
13 8 0 -30
14 8 0 -17
15 8 0 -17
16 8 0 -11
17 8 0 -7
18 8 0 -7
19 8 0 -11
20 8 0 -11
21 8 0 -9
22 8 0 -8
23 8 0 -5
24 8 0 -3
25 8 0 -2
26 8 0 -2
27 8 0 -3
28 8 0 -6
29 8 0 -18
30 8 0 -44
31 8 0 -65
0 9 0 -27
1 9 0 -30
2 9 0 -14
3 9 0 -7
4 9 0 -4
5 9 0 -5
6 9 0 -8
7 9 0 -12
8 9 0 -18
9 9 0 -28
10 9 0 -47
11 9 0 -84
12 9 0 -93
13 9 0 -74
14 9 0 -34
15 9 0 -19
16 9 0 -9
17 9 0 -6
18 9 0 -8
19 9 0 -16
20 9 0 -12
21 9 0 -6
22 9 0 -4
23 9 0 -2
24 9 0 -2
25 9 0 -2
26 9 0 -2
27 9 0 -4
28 9 0 -7
29 9 0 -18
30 9 0 -34
31 9 0 -47
0 10 0 -23
1 10 0 -25
2 10 0 -20
3 10 0 -11
4 10 0 -5
5 10 0 -5
6 10 0 -5
7 10 0 -7
8 10 0 -11
9 10 0 -15
10 10 0 -22
11 10 0 -58
12 10 0 -92
13 10 0 -124
14 10 0 -72
15 10 0 -30
16 10 0 -10
17 10 0 -8
18 10 0 -8
19 10 0 -13
20 10 0 -11
21 10 0 -6
22 10 0 -4
23 10 0 -2
24 10 0 -2
25 10 0 -2
26 10 0 -3
27 10 0 -4
28 10 0 -9
29 10 0 -18
30 10 0 -26
31 10 0 -38
0 11 0 -21
1 11 0 -23
2 11 0 -26
3 11 0 -11
4 11 0 -5
5 11 0 -4
6 11 0 -6
7 11 0 -7
8 11 0 -15
9 11 0 -13
10 11 0 -13
11 11 0 -32
12 11 0 -77
13 11 0 -137
14 11 0 -125
15 11 0 -70
16 11 0 -21
17 11 0 -10
18 11 0 -8
19 11 0 -9
20 11 0 -8
21 11 0 -5
22 11 0 -3
23 11 0 -3
24 11 0 -3
25 11 0 -3
26 11 0 -5
27 11 0 -5
28 11 0 -8
29 11 0 -13
30 11 0 -21
31 11 0 -34
0 12 0 -27
1 12 0 -34
2 12 0 -30
3 12 0 -12
4 12 0 -6
5 12 0 -5
6 12 0 -6
7 12 0 -10
8 12 0 -17
9 12 0 -18
10 12 0 -18
11 12 0 -24
12 12 0 -61
13 12 0 -107
14 12 0 -137
15 12 0 -103
16 12 0 -40
17 12 0 -12
18 12 0 -8
19 12 0 -7
20 12 0 -7
21 12 0 -4
22 12 0 -4
23 12 0 -4
24 12 0 -4
25 12 0 -4
26 12 0 -5
27 12 0 -5
28 12 0 -4
29 12 0 -10
30 12 0 -18
31 12 0 -29
0 13 0 -21
1 13 0 -31
2 13 0 -33
3 13 0 -18
4 13 0 -14
5 13 0 -8
6 13 0 -8
7 13 0 -11
8 13 0 -14
9 13 0 -20
10 13 0 -19
11 13 0 -19
12 13 0 -29
13 13 0 -80
14 13 0 -110
15 13 0 -127
16 13 0 -72
17 13 0 -28
18 13 0 -13
19 13 0 -7
20 13 0 -6
21 13 0 -5
22 13 0 -4
23 13 0 -5
24 13 0 -5
25 13 0 -4
26 13 0 -5
27 13 0 -5
28 13 0 -4
29 13 0 -9
30 13 0 -19
31 13 0 -26
0 14 0 -17
1 14 0 -28
2 14 0 -37
3 14 0 -38
4 14 0 -41
5 14 0 -29
6 14 0 -18
7 14 0 -15
8 14 0 -17
9 14 0 -21
10 14 0 -21
11 14 0 -20
12 14 0 -21
13 14 0 -43
14 14 0 -92
15 14 0 -122
16 14 0 -109
17 14 0 -59
18 14 0 -20
19 14 0 -7
20 14 0 -4
21 14 0 -4
22 14 0 -4
23 14 0 -5
24 14 0 -5
25 14 0 -5
26 14 0 -5
27 14 0 -6
28 14 0 -6
29 14 0 -10
30 14 0 -22
31 14 0 -26
0 15 0 -22
1 15 0 -38
2 15 0 -53
3 15 0 -67
4 15 0 -100
5 15 0 -67
6 15 0 -31
7 15 0 -23
8 15 0 -22
9 15 0 -30
10 15 0 -25
11 15 0 -26
12 15 0 -29
13 15 0 -41
14 15 0 -66
15 15 0 -106
16 15 0 -107
17 15 0 -104
18 15 0 -49
19 15 0 -13
20 15 0 -5
21 15 0 -4
22 15 0 -3
23 15 0 -4
24 15 0 -4
25 15 0 -4
26 15 0 -5
27 15 0 -7
28 15 0 -9
29 15 0 -10
30 15 0 -25
31 15 0 -29
0 16 0 -42
1 16 0 -65
2 16 0 -94
3 16 0 -118
4 16 0 -125
5 16 0 -86
6 16 0 -41
7 16 0 -32
8 16 0 -35
9 16 0 -51
10 16 0 -45
11 16 0 -51
12 16 0 -54
13 16 0 -57
14 16 0 -60
15 16 0 -92
16 16 0 -120
17 16 0 -127
18 16 0 -101
19 16 0 -55
20 16 0 -18
21 16 0 -6
22 16 0 -3
23 16 0 -3
24 16 0 -3
25 16 0 -3
26 16 0 -4
27 16 0 -7
28 16 0 -9
29 16 0 -12
30 16 0 -32
31 16 0 -40
0 17 0 -65
1 17 0 -94
2 17 0 -135
3 17 0 -112
4 17 0 -108
5 17 0 -62
6 17 0 -35
7 17 0 -27
8 17 0 -30
9 17 0 -32
10 17 0 -36
11 17 0 -44
12 17 0 -49
13 17 0 -59
14 17 0 -64
15 17 0 -83
16 17 0 -138
17 17 0 -159
18 17 0 -136
19 17 0 -108
20 17 0 -71
21 17 0 -25
22 17 0 -10
23 17 0 -5
24 17 0 -3
25 17 0 -3
26 17 0 -4
27 17 0 -6
28 17 0 -6
29 17 0 -15
30 17 0 -46
31 17 0 -51
0 18 0 -62
1 18 0 -55
2 18 0 -63
3 18 0 -37
4 18 0 -31
5 18 0 -29
6 18 0 -25
7 18 0 -21
8 18 0 -14
9 18 0 -12
10 18 0 -11
11 18 0 -15
12 18 0 -21
13 18 0 -28
14 18 0 -36
15 18 0 -43
16 18 0 -86
17 18 0 -135
18 18 0 -164
19 18 0 -163
20 18 0 -137
21 18 0 -100
22 18 0 -60
23 18 0 -23
24 18 0 -7
25 18 0 -3
26 18 0 -4
27 18 0 -5
28 18 0 -6
29 18 0 -18
30 18 0 -58
31 18 0 -74
0 19 0 -37
1 19 0 -21
2 19 0 -14
3 19 0 -10
4 19 0 -12
5 19 0 -14
6 19 0 -17
7 19 0 -12
8 19 0 -8
9 19 0 -7
10 19 0 -6
11 19 0 -7
12 19 0 -8
13 19 0 -10
14 19 0 -12
15 19 0 -17
16 19 0 -23
17 19 0 -48
18 19 0 -106
19 19 0 -161
20 19 0 -167
21 19 0 -161
22 19 0 -131
23 19 0 -86
24 19 0 -35
25 19 0 -14
26 19 0 -9
27 19 0 -7
28 19 0 -10
29 19 0 -23
30 19 0 -77
31 19 0 -91
0 20 0 -30
1 20 0 -11
2 20 0 -6
3 20 0 -5
4 20 0 -6
5 20 0 -9
6 20 0 -11
7 20 0 -8
8 20 0 -6
9 20 0 -5
10 20 0 -4
11 20 0 -4
12 20 0 -4
13 20 0 -5
14 20 0 -7
15 20 0 -7
16 20 0 -11
17 20 0 -18
18 20 0 -36
19 20 0 -81
20 20 0 -125
21 20 0 -157
22 20 0 -170
23 20 0 -162
24 20 0 -121
25 20 0 -88
26 20 0 -56
27 20 0 -30
28 20 0 -30
29 20 0 -50
30 20 0 -110
31 20 0 -125
0 21 0 -30
1 21 0 -7
2 21 0 -4
3 21 0 -4
4 21 0 -5
5 21 0 -7
6 21 0 -7
7 21 0 -6
8 21 0 -5
9 21 0 -4
10 21 0 -3
11 21 0 -3
12 21 0 -3
13 21 0 -4
14 21 0 -4
15 21 0 -4
16 21 0 -5
17 21 0 -6
18 21 0 -12
19 21 0 -26
20 21 0 -51
21 21 0 -103
22 21 0 -149
23 21 0 -177
24 21 0 -179
25 21 0 -157
26 21 0 -135
27 21 0 -110
28 21 0 -97
29 21 0 -119
30 21 0 -145
31 21 0 -156
0 22 0 -32
1 22 0 -8
2 22 0 -4
3 22 0 -3
4 22 0 -3
5 22 0 -4
6 22 0 -5
7 22 0 -6
8 22 0 -5
9 22 0 -4
10 22 0 -3
11 22 0 -3
12 22 0 -2
13 22 0 -2
14 22 0 -2
15 22 0 -3
16 22 0 -3
17 22 0 -3
18 22 0 -5
19 22 0 -10
20 22 0 -20
21 22 0 -49
22 22 0 -99
23 22 0 -146
24 22 0 -171
25 22 0 -190
26 22 0 -191
27 22 0 -174
28 22 0 -159
29 22 0 -151
30 22 0 -171
31 22 0 -174
0 23 0 -30
1 23 0 -8
2 23 0 -5
3 23 0 -4
4 23 0 -4
5 23 0 -4
6 23 0 -5
7 23 0 -6
8 23 0 -5
9 23 0 -4
10 23 0 -3
11 23 0 -2
12 23 0 -2
13 23 0 -2
14 23 0 -2
15 23 0 -2
16 23 0 -3
17 23 0 -3
18 23 0 -3
19 23 0 -4
20 23 0 -10
21 23 0 -23
22 23 0 -53
23 23 0 -65
24 23 0 -71
25 23 0 -102
26 23 0 -148
27 23 0 -160
28 23 0 -174
29 23 0 -174
30 23 0 -192
31 23 0 -194
0 24 0 -29
1 24 0 -10
2 24 0 -6
3 24 0 -4
4 24 0 -3
5 24 0 -3
6 24 0 -4
7 24 0 -5
8 24 0 -5
9 24 0 -4
10 24 0 -3
11 24 0 -2
12 24 0 -2
13 24 0 -2
14 24 0 -2
15 24 0 -3
16 24 0 -3
17 24 0 -3
18 24 0 -3
19 24 0 -3
20 24 0 -7
21 24 0 -18
22 24 0 -25
23 24 0 -27
24 24 0 -18
25 24 0 -21
26 24 0 -43
27 24 0 -82
28 24 0 -122
29 24 0 -151
30 24 0 -193
31 24 0 -205
0 25 0 -30
1 25 0 -13
2 25 0 -7
3 25 0 -3
4 25 0 -2
5 25 0 -2
6 25 0 -2
7 25 0 -3
8 25 0 -4
9 25 0 -4
10 25 0 -3
11 25 0 -4
12 25 0 -3
13 25 0 -3
14 25 0 -3
15 25 0 -5
16 25 0 -7
17 25 0 -5
18 25 0 -4
19 25 0 -5
20 25 0 -8
21 25 0 -16
22 25 0 -31
23 25 0 -25
24 25 0 -8
25 25 0 -6
26 25 0 -11
27 25 0 -31
28 25 0 -64
29 25 0 -92
30 25 0 -167
31 25 0 -196
0 26 0 -30
1 26 0 -16
2 26 0 -11
3 26 0 -3
4 26 0 -3
5 26 0 -2
6 26 0 -3
7 26 0 -4
8 26 0 -4
9 26 0 -4
10 26 0 -5
11 26 0 -5
12 26 0 -6
13 26 0 -5
14 26 0 -6
15 26 0 -8
16 26 0 -10
17 26 0 -7
18 26 0 -5
19 26 0 -5
20 26 0 -8
21 26 0 -15
22 26 0 -30
23 26 0 -23
24 26 0 -7
25 26 0 -4
26 26 0 -6
27 26 0 -19
28 26 0 -68
29 26 0 -109
30 26 0 -172
31 26 0 -196
0 27 0 -32
1 27 0 -14
2 27 0 -12
3 27 0 -6
4 27 0 -5
5 27 0 -6
6 27 0 -8
7 27 0 -6
8 27 0 -5
9 27 0 -5
10 27 0 -4
11 27 0 -5
12 27 0 -6
13 27 0 -9
14 27 0 -12
15 27 0 -17
16 27 0 -18
17 27 0 -7
18 27 0 -5
19 27 0 -6
20 27 0 -7
21 27 0 -12
22 27 0 -15
23 27 0 -17
24 27 0 -7
25 27 0 -4
26 27 0 -4
27 27 0 -19
28 27 0 -85
29 27 0 -138
30 27 0 -190
31 27 0 -196
0 28 0 -31
1 28 0 -13
2 28 0 -10
3 28 0 -9
4 28 0 -10
5 28 0 -9
6 28 0 -12
7 28 0 -13
8 28 0 -11
9 28 0 -8
10 28 0 -5
11 28 0 -5
12 28 0 -6
13 28 0 -10
14 28 0 -13
15 28 0 -13
16 28 0 -11
17 28 0 -6
18 28 0 -5
19 28 0 -7
20 28 0 -7
21 28 0 -11
22 28 0 -19
23 28 0 -12
24 28 0 -11
25 28 0 -8
26 28 0 -7
27 28 0 -38
28 28 0 -112
29 28 0 -147
30 28 0 -178
31 28 0 -153
0 29 0 -38
1 29 0 -22
2 29 0 -17
3 29 0 -19
4 29 0 -17
5 29 0 -14
6 29 0 -17
7 29 0 -23
8 29 0 -22
9 29 0 -16
10 29 0 -10
11 29 0 -9
12 29 0 -10
13 29 0 -10
14 29 0 -10
15 29 0 -8
16 29 0 -5
17 29 0 -3
18 29 0 -3
19 29 0 -5
20 29 0 -5
21 29 0 -7
22 29 0 -14
23 29 0 -16
24 29 0 -17
25 29 0 -20
26 29 0 -30
27 29 0 -95
28 29 0 -132
29 29 0 -97
30 29 0 -134
31 29 0 -87
0 30 0 -81
1 30 0 -33
2 30 0 -30
3 30 0 -30
4 30 0 -30
5 30 0 -21
6 30 0 -23
7 30 0 -35
8 30 0 -43
9 30 0 -42
10 30 0 -44
11 30 0 -33
12 30 0 -21
13 30 0 -19
14 30 0 -14
15 30 0 -9
16 30 0 -5
17 30 0 -4
18 30 0 -5
19 30 0 -12
20 30 0 -14
21 30 0 -14
22 30 0 -17
23 30 0 -23
24 30 0 -37
25 30 0 -45
26 30 0 -55
27 30 0 -84
28 30 0 -107
29 30 0 -113
30 30 0 -96
31 30 0 -67
0 31 0 -59
1 31 0 -81
2 31 0 -55
3 31 0 -80
4 31 0 -67
5 31 0 -69
6 31 0 -57
7 31 0 -64
8 31 0 -56
9 31 0 -73
10 31 0 -115
11 31 0 -112
12 31 0 -74
13 31 0 -63
14 31 0 -50
15 31 0 -28
16 31 0 -26
17 31 0 -20
18 31 0 -19
19 31 0 -23
20 31 0 -28
21 31 0 -26
22 31 0 -33
23 31 0 -41
24 31 0 -61
25 31 0 -74
26 31 0 -83
27 31 0 -105
28 31 0 -127
29 31 0 -144
30 31 0 -118
31 31 0 -59
